image: 3dcomplex.pgm
resolution: 0.050000
origin: [-21.500000, -16.250000, 0.0]
negate: 0
occupied_thresh: 0.65
free_thresh: 0.196

