image: 3dsimple.pgm
resolution: 0.050000
origin: [-6.600000, -3.700000, 0.0]
negate: 0
occupied_thresh: 0.65
free_thresh: 0.196

