image: apartment.pgm
resolution: 0.050000
origin: [-14.400000, -7.450000, 0]
negate: 0
occupied_thresh: 0.65
free_thresh: 0.196

