image: traffic.pgm
resolution: 0.050000
origin: [-20.599998, -17.049999, 0.000000]
negate: 0
occupied_thresh: 0.65
free_thresh: 0.196

